100000073
100000081
100000193
100000213
100000393
100000421
100000493
100000561
100000577
100000661
100000669
100000673
100000717
100000801
100000837
100000841
100000921
100000969
100001053
100001081
100001177
100001333
100001537
100001569
100001653
100001761
100001809
100001821
100001893
100001929
100002013
100002017
100002173
100002181
100002349
100002437
100002493
100002509
100002593
100002629
100002677
100002769
100002797
100002937
100002941
100003021
100003153
100003181
100003273
100003301
100003349
100003361
100003417
100003573
100003601
100003721
100003753
100003777
100004029
100004089
100004141
100004189
100004309
100004393
100004449
100004477
100004533
100004537
100004561
100004677
100004813
100004833
100004929
100004981
100005001
100005029
100005041
100005097
100005121
100005149
100005197
100005281
100005317
100005377
100005421
100005457
100005461
100005533
100005617
100005673
100005757
100005821
100005853
100005877
100006037
100006129
100006133
100006157
100006213
100006721
